24 12 37 35 35 35 35 35 35 35 12 12 35 35 35 35 35 35 35 35
13 14 36 36 36 36 36 36 36 36 36 36 36 36 36 36 36 36 36 36
12 12 6 6 7 7 6 6 7 7 6 6 7 7 6 6 7 7 11 9
15 16 4 4 5 5 4 4 5 5 4 4 5 5 4 4 5 5 11 9
12 12 4 4 5 5 4 4 5 5 4 4 5 5 4 4 5 5 11 9
17 18 5 5 4 4 5 5 4 4 5 5 4 4 5 5 4 4 10 9
12 12 5 5 4 4 5 5 4 4 5 5 4 4 5 5 4 4 10 9
19 20 4 4 5 5 4 4 5 5 4 4 5 5 4 4 5 5 11 9
12 12 4 4 5 5 4 4 5 5 4 4 5 5 4 4 5 5 11 9
21 22 5 5 4 4 5 5 4 4 5 5 4 4 5 5 4 4 10 9
12 12 5 5 4 4 5 5 4 4 5 5 4 4 5 5 4 4 10 9
23 12 4 4 5 5 4 4 5 5 4 4 5 5 4 4 5 5 11 9
12 12 4 4 5 5 4 4 5 5 4 4 5 5 4 4 5 5 11 9
12 12 6 6 7 7 6 6 7 7 6 6 7 7 6 6 7 7 11 9