24 12 3 0 2 0 0 0 0 2 12 12 0 0 2 0 0 0 0 2
13 14 1 1 1 1 1 1 1 1 1 1 1 1 1 1 1 1 1 1
12 12 41 41 40 40 41 41 40 40 41 41 40 40 41 41 40 40 44 9
15 16 38 38 39 39 38 38 39 39 38 38 39 39 38 38 39 39 44 9
12 12 38 38 39 39 38 38 39 39 38 38 39 39 38 38 39 39 44 9
17 18 39 39 38 38 39 39 38 38 39 39 38 38 39 39 38 38 43 9
12 12 39 39 38 38 39 39 38 38 39 39 38 38 39 39 38 38 43 9
19 20 38 38 39 39 38 38 39 39 38 38 39 39 38 38 39 39 44 9
12 12 38 38 39 39 38 38 39 39 38 38 39 39 38 38 39 39 44 9
21 22 39 39 38 38 39 39 38 38 39 39 38 38 39 39 38 38 43 9
12 12 39 39 38 38 39 39 38 38 39 39 38 38 39 39 38 38 43 9
23 12 38 38 39 39 38 38 39 39 38 38 39 39 38 38 39 39 44 9
12 12 38 38 39 39 38 38 39 39 38 38 39 39 38 38 39 39 44 9
12 12 41 41 40 40 41 41 40 40 41 41 40 40 41 41 40 40 44 9