24 12 37 35 35 35 35 35 35 35 12 12 35 35 35 35 35 35 35 35
13 14 36 36 36 36 36 36 36 36 36 36 36 36 36 36 36 36 36 36
12 12 47 47 47 47 47 47 47 47 47 47 47 47 47 47 47 47 48 9
12 12 45 45 46 46 45 45 46 46 45 45 46 46 45 45 46 46 48 9
12 12 45 45 46 46 45 45 46 46 45 45 46 46 45 45 46 46 48 9
12 12 46 46 45 45 46 46 45 45 46 46 45 45 46 46 45 45 48 9
12 12 46 46 45 45 46 46 45 45 46 46 45 45 46 46 45 45 48 9
12 12 45 45 46 46 45 45 46 46 45 45 46 46 45 45 46 46 48 9
12 12 45 45 46 46 45 45 46 46 45 45 46 46 45 45 46 46 48 9
12 12 46 46 45 45 46 46 45 45 46 46 45 45 46 46 45 45 48 9
12 12 46 46 45 45 46 46 45 45 46 46 45 45 46 46 45 45 48 9
12 12 45 45 46 46 45 45 46 46 45 45 46 46 45 45 46 46 48 9
12 12 45 45 46 46 45 45 46 46 45 45 46 46 45 45 46 46 48 9
12 12 47 47 47 47 47 47 47 47 47 47 47 47 47 47 47 47 48 9