24 12 33 30 32 30 30 30 30 32 12 12 30 30 32 30 30 30 30 32
13 14 31 31 31 31 31 31 31 31 31 31 31 31 31 31 31 31 31 31
12 12 47 47 47 47 47 47 47 47 47 47 47 47 47 47 47 47 48 9
15 16 45 45 46 46 45 45 46 46 45 45 46 46 45 45 46 46 48 9
12 12 45 45 46 46 45 45 46 46 45 45 46 46 45 45 46 46 48 9
17 18 46 46 45 45 46 46 45 45 46 46 45 45 46 46 45 45 48 9
12 12 46 46 45 45 46 46 45 45 46 46 45 45 46 46 45 45 48 9
19 20 45 45 46 46 45 45 46 46 45 45 46 46 45 45 46 46 48 9
12 12 45 45 46 46 45 45 46 46 45 45 46 46 45 45 46 46 48 9
21 22 46 46 45 45 46 46 45 45 46 46 45 45 46 46 45 45 48 9
12 12 46 46 45 45 46 46 45 45 46 46 45 45 46 46 45 45 48 9
23 12 45 45 46 46 45 45 46 46 45 45 46 46 45 45 46 46 48 9
12 12 45 45 46 46 45 45 46 46 45 45 46 46 45 45 46 46 48 9
12 12 47 47 47 47 47 47 47 47 47 47 47 47 47 47 47 47 48 9