24 12 33 30 32 30 30 30 30 32 12 12 30 30 32 30 30 30 30 32
13 14 31 31 31 31 31 31 31 31 31 31 31 31 31 31 31 31 31 31
49 49 47 47 47 47 47 47 47 47 47 47 47 47 47 47 47 47 48 9
49 49 45 45 46 46 45 45 46 46 45 45 46 46 45 45 46 46 48 9
49 49 45 45 46 46 45 45 46 46 45 45 46 46 45 45 46 46 48 9
49 49 46 46 45 45 46 46 45 45 46 46 45 45 46 46 45 45 48 9
49 49 46 46 45 45 46 46 45 45 46 46 45 45 46 46 45 45 48 9
49 49 45 45 46 46 45 45 46 46 45 45 46 46 45 45 46 46 48 9
49 49 45 45 46 46 45 45 46 46 45 45 46 46 45 45 46 46 48 9
49 49 46 46 45 45 46 46 45 45 46 46 45 45 46 46 45 45 48 9
49 49 46 46 45 45 46 46 45 45 46 46 45 45 46 46 45 45 48 9
49 49 45 45 46 46 45 45 46 46 45 45 46 46 45 45 46 46 48 9
49 49 45 45 46 46 45 45 46 46 45 45 46 46 45 45 46 46 48 9
49 49 47 47 47 47 47 47 47 47 47 47 47 47 47 47 47 47 48 9